Range; -1.79769313486232E+308; 1.79769313486232E+308
Quantity Count; 16
Value Count; 100000
Min; -2.84095906025362
Max; 3.80101298593709
Average; 1.7808226905306
Sum; 178082.26905306
Sum Square; 460078.330373759
Std Dev; 1.18754012044285
Avg + Std Dev; 2.96836281097344
Avg - Std Dev; 0.59328257008775
Avg + 2*Std Dev; 4.15590293141629
Avg - 2*Std Dev; -0.594257550355095
;
Time;Value;StdDev;StdErr;SampleStdDev;Cumulative
0;-0.831235718353787;0.928158116912344;0.232039529228086;0;-0.831235718353787
0.1;-0.896401457348334;0.705661234289061;0.176415308572265;0;-1.72763717570212
0.2;-1.43317420047518;0.657795430653019;0.164448857663255;0;-3.1608113761773
0.3;-1.20123214131383;0.596516543134511;0.149129135783628;0;-4.36204351749113
0.4;-0.901126865684789;0.51754288091803;0.129385720229507;0;-5.26317038317592
0.5;-0.670773130478596;0.30150794857419;0.0753769871435474;0;-5.93394351365452
0.6;-0.460419224178262;0.411492063225171;0.102873015806293;0;-6.39436273783278
0.7;-0.34704007254858;0.506607110057662;0.126651777514416;0;-6.74140281038136
0.8;-0.107139275975088;0.333511431054154;0.0833778577635384;0;-6.84854208635645
0.9;-0.133167553675402;0.258843442619711;0.0647108606549278;0;-6.98170964003185
1;0.0812335104446103;0.446364981204379;0.111591245301095;0;-6.90047612958724
1.1;0.157495681813463;0.326779704259213;0.0816949260648032;0;-6.74298044777377
1.2;0.373788601251676;0.300415817024074;0.0751039542560186;0;-6.3691918465221
1.3;0.338508498273711;0.373587647936228;0.0933969119840571;0;-6.03068334824839
1.4;0.344388155715137;0.285371857768233;0.0713429644420584;0;-5.68629519253325
1.5;0.469692675891313;0.40804549838455;0.102011374596137;0;-5.21660251664194
1.6;0.642354832462585;0.268697877283095;0.0671744693207736;0;-4.57424768417935
1.7;0.754333082086559;0.368972429293585;0.0922431073233964;0;-3.8199146020928
1.8;0.748267913271926;0.295546396319615;0.0738865990799038;0;-3.07164668882087
1.9;0.79571727211088;0.336674213648196;0.084168553412049;0;-2.27592941670999
2;0.843490822466931;0.376926872568535;0.0942317181421338;0;-1.43243859424306
2.1;0.984759936975478;0.487436684303053;0.121859171075763;0;-0.447678657267579
2.2;0.901299588503924;0.508010354894156;0.127002588723539;0;0.453620931236345
2.3;1.03134837890692;0.286143193368261;0.0715357983420653;0;1.48496931014326
2.4;1.13744717646866;0.382838399367006;0.0957095998417514;0;2.62241648661192
2.5;1.26077430748578;0.388145916565621;0.0970364791414053;0;3.8831907940977
2.6;1.29688915224982;0.363493789539777;0.0908734473849442;0;5.18007994634752
2.7;1.28271877680274;0.299709760798223;0.0749274401995556;0;6.46279872315026
2.8;1.29906461661291;0.303535803565093;0.0758839508912731;0;7.76186333976318
2.9;1.37616892755399;0.324926444727594;0.0812316111818984;0;9.13803226731717
3;1.48203034239363;0.402561697914251;0.100640424478563;0;10.6200626097108
3.1;1.57796972561175;0.374884966364993;0.0937212415912482;0;12.1980323353225
3.2;1.48448929061528;0.288242352322515;0.0720605880806287;0;13.6825216259378
3.3;1.55392214337393;0.408265365539819;0.102066341384955;0;15.2364437693118
3.4;1.65491506496334;0.491466852401181;0.122866713100295;0;16.8913588342751
3.5;1.71575471779102;0.42177597731557;0.105443994328893;0;18.6071135520661
3.6;1.62102505357279;0.308635831472813;0.0771589578682033;0;20.2281386056389
3.7;1.79806988237562;0.365819290022049;0.0914548225055122;0;22.0262084880145
3.8;1.98031844662813;0.384815925755193;0.0962039814387983;0;24.0065269346427
3.9;1.75419124007287;0.320875272430359;0.0802188181075898;0;25.7607181747155
4;1.801131861476;0.265493598698164;0.066373399674541;0;27.5618500361915
4.1;1.95434108231287;0.451419116455997;0.112854779113999;0;29.5161911185044
4.2;1.80157183357178;0.302770398133502;0.0756925995333754;0;31.3177629520762
4.3;1.99544831793231;0.324766302019309;0.0811915755048272;0;33.3132112700085
4.4;2.02659657374082;0.469910320727392;0.117477580181848;0;35.3398078437493
4.5;2.18400084820446;0.434910397349718;0.108727599337429;0;37.5238086919538
4.6;2.0012646945363;0.475511780569232;0.118877945142308;0;39.5250733864901
4.7;2.06751560850294;0.425936220133784;0.106484055033446;0;41.592588994993
4.8;2.0893120489625;0.431646663714785;0.107911665928696;0;43.6819010439555
4.9;2.14433994874197;0.195824504091595;0.0489561260228986;0;45.8262409926975
5;2.03326183453288;0.190003229271;0.0475008073177499;0;47.8595028272304
5.1;2.17303422010147;0.420323643273181;0.105080910818295;0;50.0325370473319
5.2;2.42699116838294;0.424400155463004;0.106100038865751;0;52.4595282157148
5.3;2.344624378722;0.373348141206223;0.0933370353015558;0;54.8041525944368
5.4;2.50899821275262;0.472680920886161;0.11817023022154;0;57.3131508071894
5.5;2.33360076248647;0.224971867010295;0.0562429667525737;0;59.6467515696759
5.6;2.30970102840048;0.312918361856213;0.0782295904640532;0;61.9564525980764
5.7;2.36527726800196;0.395559938441445;0.0988899846103612;0;64.3217298660783
5.8;2.29309718072232;0.280044721933028;0.070011180483257;0;66.6148270468006
5.9;2.44929904337853;0.425225336889736;0.106306334222434;0;69.0641260901792
6;2.50101706763872;0.364783657571059;0.0911959143927649;0;71.5651431578179
6.1;2.39345050521684;0.347625439307422;0.0869063598268554;0;73.9585936630347
6.2;2.49099522916652;0.311188881700402;0.0777972204251006;0;76.4495888922012
6.3;2.45429362316978;0.258574030040017;0.0646435075100041;0;78.903882515371
6.4;2.63877291622624;0.31231650547986;0.0780791263699649;0;81.5426554315973
6.5;2.42151780373591;0.288137676261055;0.0720344190652639;0;83.9641732353332
6.6;2.54674483011154;0.209185365405161;0.0522963413512902;0;86.5109180654447
6.7;2.60787083202336;0.369780260621684;0.0924450651554209;0;89.1187888974681
6.8;2.69574435691348;0.37814315756502;0.0945357893912551;0;91.8145332543816
6.9;2.55843973602377;0.304527702356346;0.0761319255890864;0;94.3729729904053
7;2.56710427640672;0.291745209612178;0.0729363024030444;0;96.9400772668121
7.1;2.75094813590395;0.487348952649306;0.121837238162327;0;99.691025402716
7.2;2.67768399782992;0.365150498513726;0.0912876246284316;0;102.368709400546
7.3;2.68815416005034;0.277917097335144;0.0694792743337861;0;105.056863560596
7.4;2.68946843363549;0.327469458149934;0.0818673645374836;0;107.746331994232
7.5;2.64722913213864;0.447436984834966;0.111859246208742;0;110.39356112637
7.6;2.63478524655093;0.24197046912877;0.0604926172821926;0;113.028346372921
7.7;2.73617909711721;0.360664567498251;0.0901661418745627;0;115.764525470039
7.8;2.76988917382651;0.396389862559768;0.099097465639942;0;118.534414643865
7.9;2.66494853496383;0.34863396144128;0.08715849036032;0;121.199363178829
8;2.77248531480292;0.275577310713545;0.0688943276783864;0;123.971848493632
8.1;2.89639419773631;0.35993462974841;0.0899836574371026;0;126.868242691368
8.2;2.8275074976468;0.276746572461584;0.069186643115396;0;129.695750189015
8.3;2.74882035761271;0.386716094002557;0.0966790235006394;0;132.444570546628
8.4;2.81780833083008;0.291708271104216;0.0729270677760541;0;135.262378877458
8.5;2.79789657565612;0.350514233964921;0.0876285584912303;0;138.060275453114
8.6;2.82594336234268;0.406381693489499;0.101595423372375;0;140.886218815456
8.7;2.89107773548691;0.312524899640213;0.0781312249100533;0;143.777296550943
8.8;2.866139654204;0.462350062488678;0.115587515622169;0;146.643436205147
8.9;2.80867952532303;0.288715478947041;0.0721788697367603;0;149.45211573047
9;3.01606157811071;0.296879311055558;0.0742198277638894;0;152.468177308581
9.1;2.91413341169624;0.385912538430017;0.0964781346075043;0;155.382310720277
9.2;2.72781344838625;0.336710074705228;0.084177518676307;0;158.110124168664
9.3;2.97183879175458;0.393395246539535;0.0983488116348838;0;161.081962960418
9.4;2.91303520013866;0.454513450120961;0.11362836253024;0;163.994998160557
9.5;2.82899052513498;0.32340605172643;0.0808515129316074;0;166.823988685692
9.6;2.86359451644764;0.390888420045962;0.0977221050114905;0;169.68758320214
9.7;3.0363663611648;0.341802073650455;0.0854505184126137;0;172.723949563304
9.8;3.01523784799341;0.323459663218568;0.0808649158046421;0;175.739187411298
9.9;2.88720452301901;0.301484972151338;0.0753712430378345;0;178.626391934317
